74335929.047
14808022.0808
10224378.0127
41933551.9076
1513758.2392
225182968.391
178061038.0588
11053558.1804
14808026.7314
10446682.509
1792245.8021
11001534.7345
390650.7531
56565642.7472
44688100.3936
2586327.1486
10224379.5105
1792247.1543
5833909.5038
7833119.0289
397155.5176
43670186.1536
35042606.9439
1544678.1496
41933561.7765
11001563.4581
7833063.4019
27507591.0418
868671.0002
145375423.4687
115087847.6201
7194484.5963
1513680.5262
390678.7433
397113.2849
868669.9995
63189.075
4943587.7242
4120488.1026
179193.6814
225182955.9801
56565637.0474
43670109.0466
145375481.9961
4943529.4242
786340606.8457
620313119.6312
36705147.3427
178061128.3392
44688076.9297
35042611.6924
115087771.6504
4120449.1271
620313117.5287
499235251.5209
28596036.2136
11053569.3155
2586392.2319
1544644.1933
7194410.0075
179205.061
36705154.1584
28596073.296
5080916.3971
